2026 0 0 0 0
2030 0 0 0 0
2034 0 0 0 0
2643 5 -8.25967 -39.2886 -2.13275
2647 5 -8.25967 -39.2886 -2.13275
2652 5 -8.25967 -39.2886 -2.13275
2657 5 -8.25967 -39.2886 -2.13275
3917 8 -21.2258 -58.4281 -1.91614
3921 8 -21.2258 -58.4281 -1.91614
3925 8 -21.2258 -58.4281 -1.91614
3929 8 -21.2258 -58.4281 -1.91614
3933 8 -21.2258 -58.4281 -1.91614
3933 9 -19.7367 -68.8649 -1.40535
3937 8 -21.2258 -58.4281 -1.91614
3937 9 -19.7367 -68.8649 -1.40535
3941 8 -21.2258 -58.4281 -1.91614
3941 9 -19.7367 -68.8649 -1.40535
3941 12 -40.1986 -75.7435 1.22351
3945 8 -21.2258 -58.4281 -1.91614
3945 9 -19.7367 -68.8649 -1.40535
3945 12 -40.1986 -75.7435 1.22351
3949 8 -21.2258 -58.4281 -1.91614
3949 9 -19.7367 -68.8649 -1.40535
3949 12 -40.1986 -75.7435 1.22351
3953 8 -21.2258 -58.4281 -1.91614
3953 9 -19.7367 -68.8649 -1.40535
3957 8 -21.2258 -58.4281 -1.91614
3957 9 -19.7367 -68.8649 -1.40535
3961 8 -21.2258 -58.4281 -1.91614
3961 9 -19.7367 -68.8649 -1.40535
3965 8 -21.2258 -58.4281 -1.91614
3965 9 -19.7367 -68.8649 -1.40535
3969 8 -21.2258 -58.4281 -1.91614
3969 9 -19.7367 -68.8649 -1.40535
3973 8 -21.2258 -58.4281 -1.91614
3973 9 -19.7367 -68.8649 -1.40535
3977 8 -21.2258 -58.4281 -1.91614
3977 9 -19.7367 -68.8649 -1.40535
3981 8 -21.2258 -58.4281 -1.91614
3981 9 -19.7367 -68.8649 -1.40535
3985 8 -21.2258 -58.4281 -1.91614
3985 9 -19.7367 -68.8649 -1.40535
3989 8 -21.2258 -58.4281 -1.91614
3989 9 -19.7367 -68.8649 -1.40535
3993 9 -19.7482 -68.8716 -1.40533
3997 9 -19.7482 -68.8716 -1.40533
4001 9 -19.7482 -68.8716 -1.40533
4005 9 -19.7482 -68.8716 -1.40533
4009 9 -19.7482 -68.8716 -1.40533
4013 9 -19.7482 -68.8716 -1.40533
4017 9 -19.7482 -68.8716 -1.40533
4021 7 -17.7857 -48.927 -1.95206
4021 9 -19.7482 -68.8716 -1.40533
4025 7 -17.7857 -48.927 -1.95206
4025 9 -19.7482 -68.8716 -1.40533
4029 7 -17.7857 -48.927 -1.95206
4029 9 -19.7482 -68.8716 -1.40533
4033 9 -19.7623 -68.8858 -1.40551
4037 9 -19.7623 -68.8858 -1.40551
4041 9 -19.7623 -68.8858 -1.40551
4045 9 -19.7623 -68.8858 -1.40551
4049 9 -19.7623 -68.8858 -1.40551
4054 9 -19.7623 -68.8858 -1.40551
4058 9 -19.7623 -68.8858 -1.40551
4062 9 -19.7623 -68.8858 -1.40551
4066 9 -19.7623 -68.8858 -1.40551
4070 9 -19.7623 -68.8858 -1.40551
4075 9 -19.7623 -68.8858 -1.40551
4080 9 -19.7623 -68.8858 -1.40551
4085 6 -15.6527 -43.9824 -2.15029
4085 7 -17.799 -48.9404 -1.95196
4085 8 -21.2498 -58.4487 -1.91603
4085 9 -19.7623 -68.8858 -1.40551
4090 6 -15.6683 -43.9875 -2.15033
4090 8 -21.2659 -58.4537 -1.91607
4090 9 -19.7807 -68.8912 -1.40574
4095 6 -15.6683 -43.9875 -2.15033
4095 8 -21.2659 -58.4537 -1.91607
4095 9 -19.7807 -68.8912 -1.40574
4100 6 -15.6683 -43.9875 -2.15033
4100 8 -21.2659 -58.4537 -1.91607
4100 9 -19.7807 -68.8912 -1.40574
4104 6 -15.6683 -43.9875 -2.15033
4104 8 -21.2659 -58.4537 -1.91607
4104 9 -19.7807 -68.8912 -1.40574
4109 8 -21.2725 -58.4522 -1.91611
4109 9 -19.786 -68.8895 -1.40562
4113 8 -21.2725 -58.4522 -1.91611
4113 9 -19.786 -68.8895 -1.40562
4118 8 -21.2725 -58.4522 -1.91611
4123 8 -21.2725 -58.4522 -1.91611
4127 8 -21.2725 -58.4522 -1.91611
4132 8 -21.2725 -58.4522 -1.91611
4137 8 -21.2725 -58.4522 -1.91611
4142 8 -21.2725 -58.4522 -1.91611
4147 8 -21.2725 -58.4522 -1.91611
4152 8 -21.2725 -58.4522 -1.91611
4157 8 -21.2725 -58.4522 -1.91611
4162 6 -15.6736 -43.9865 -2.15049
4162 7 -17.8209 -48.9441 -1.95215
4162 8 -21.2725 -58.4522 -1.91611
4167 6 -15.6736 -43.9865 -2.15049
4167 7 -17.8209 -48.9441 -1.95215
4167 8 -21.2725 -58.4522 -1.91611
4171 6 -15.6736 -43.9865 -2.15049
4171 7 -17.8209 -48.9441 -1.95215
4171 8 -21.2725 -58.4522 -1.91611
4175 6 -15.6736 -43.9865 -2.15049
4175 7 -17.8209 -48.9441 -1.95215
4175 8 -21.2725 -58.4522 -1.91611
4180 7 -17.823 -48.9401 -1.95235
4180 8 -21.2748 -58.448 -1.91614
4185 7 -17.823 -48.9401 -1.95235
4185 8 -21.2748 -58.448 -1.91614
4189 7 -17.823 -48.9401 -1.95235
4189 8 -21.2748 -58.448 -1.91614
4194 7 -17.823 -48.9401 -1.95235
4194 8 -21.2748 -58.448 -1.91614
4198 7 -17.823 -48.9401 -1.95235
4198 8 -21.2748 -58.448 -1.91614
4202 7 -17.823 -48.9401 -1.95235
4202 8 -21.2748 -58.448 -1.91614
4206 5 -8.30547 -39.3117 -2.13313
4206 7 -17.823 -48.9401 -1.95235
4206 8 -21.2748 -58.448 -1.91614
4210 7 -17.8284 -48.9318 -1.95262
4210 8 -21.2776 -58.4407 -1.91587
4214 7 -17.8284 -48.9318 -1.95262
4214 8 -21.2776 -58.4407 -1.91587
4218 7 -17.8284 -48.9318 -1.95262
4218 8 -21.2776 -58.4407 -1.91587
4222 7 -17.8284 -48.9318 -1.95262
4222 8 -21.2776 -58.4407 -1.91587
4226 7 -17.8284 -48.9318 -1.95262
4226 8 -21.2776 -58.4407 -1.91587
4231 7 -17.8284 -48.9318 -1.95262
4231 8 -21.2776 -58.4407 -1.91587
4235 7 -17.8284 -48.9318 -1.95262
4235 8 -21.2776 -58.4407 -1.91587
4239 7 -17.8284 -48.9318 -1.95262
4239 8 -21.2776 -58.4407 -1.91587
4243 7 -17.8284 -48.9318 -1.95262
4243 8 -21.2776 -58.4407 -1.91587
4247 7 -17.8284 -48.9318 -1.95262
4247 8 -21.2776 -58.4407 -1.91587
4251 5 -8.3068 -39.3083 -2.13368
4251 6 -15.6787 -43.9752 -2.15125
4251 7 -17.8284 -48.9318 -1.95262
4251 8 -21.2776 -58.4407 -1.91587
4251 15 -24.1543 -56.5066 1.0616
4255 7 -17.8367 -48.9232 -1.9529
4255 8 -21.2838 -58.4329 -1.91564
4255 15 -24.1704 -56.5016 1.0634
4259 7 -17.8367 -48.9232 -1.9529
4259 8 -21.2838 -58.4329 -1.91564
4259 15 -24.1704 -56.5016 1.0634
4264 7 -17.8367 -48.9232 -1.9529
4264 8 -21.2838 -58.4329 -1.91564
4264 15 -24.1704 -56.5016 1.0634
4269 7 -17.8367 -48.9232 -1.9529
4269 15 -24.1704 -56.5016 1.0634
4273 7 -17.8367 -48.9232 -1.9529
4273 15 -24.1704 -56.5016 1.0634
4277 7 -17.8367 -48.9232 -1.9529
4277 15 -24.1704 -56.5016 1.0634
4281 7 -17.8367 -48.9232 -1.9529
4286 7 -17.8367 -48.9232 -1.9529
4291 7 -17.8367 -48.9232 -1.9529
4296 7 -17.8367 -48.9232 -1.9529
4301 7 -17.8367 -48.9232 -1.9529
4305 7 -17.8367 -48.9232 -1.9529
4309 7 -17.8367 -48.9232 -1.9529
4313 7 -17.8367 -48.9232 -1.9529
4317 7 -17.8367 -48.9232 -1.9529
4321 7 -17.8367 -48.9232 -1.9529
4325 7 -17.8367 -48.9232 -1.9529
4329 7 -17.8367 -48.9232 -1.9529
4333 7 -17.8367 -48.9232 -1.9529
4337 7 -17.8367 -48.9232 -1.9529
4341 7 -17.8367 -48.9232 -1.9529
4345 7 -17.8367 -48.9232 -1.9529
4349 7 -17.8367 -48.9232 -1.9529
4353 5 -8.31086 -39.3047 -2.13428
4353 6 -15.6856 -43.9672 -2.15185
4353 7 -17.8367 -48.9232 -1.9529
4357 5 -8.31086 -39.3047 -2.13428
4357 6 -15.6856 -43.9672 -2.15185
4357 7 -17.8367 -48.9232 -1.9529
4361 5 -8.31086 -39.3047 -2.13428
4361 6 -15.6856 -43.9672 -2.15185
4361 7 -17.8367 -48.9232 -1.9529
4365 5 -8.31086 -39.3047 -2.13428
4365 6 -15.6856 -43.9672 -2.15185
4365 7 -17.8367 -48.9232 -1.9529
4369 5 -8.31086 -39.3047 -2.13428
4369 6 -15.6856 -43.9672 -2.15185
4369 7 -17.8367 -48.9232 -1.9529
4373 5 -8.31086 -39.3047 -2.13428
4373 6 -15.6856 -43.9672 -2.15185
4373 7 -17.8367 -48.9232 -1.9529
4378 5 -8.31086 -39.3047 -2.13428
4378 6 -15.6856 -43.9672 -2.15185
4378 7 -17.8367 -48.9232 -1.9529
4382 5 -8.31086 -39.3047 -2.13428
4382 6 -15.6856 -43.9672 -2.15185
4382 7 -17.8367 -48.9232 -1.9529
4386 5 -8.31086 -39.3047 -2.13428
4386 6 -15.6856 -43.9672 -2.15185
4386 7 -17.8367 -48.9232 -1.9529
4391 5 -8.31086 -39.3047 -2.13428
4391 6 -15.6856 -43.9672 -2.15185
4391 7 -17.8367 -48.9232 -1.9529
4396 5 -8.31086 -39.3047 -2.13428
4396 6 -15.6856 -43.9672 -2.15185
4396 7 -17.8367 -48.9232 -1.9529
4401 5 -8.31086 -39.3047 -2.13428
4401 6 -15.6856 -43.9672 -2.15185
4405 4 -0.601695 -26.4247 -2.30281
4405 5 -8.31086 -39.3047 -2.13428
4405 6 -15.6856 -43.9672 -2.15185
4409 4 -0.601695 -26.4247 -2.30281
4409 5 -8.31086 -39.3047 -2.13428
4409 6 -15.6856 -43.9672 -2.15185
4413 4 -0.601695 -26.4247 -2.30281
4413 5 -8.31086 -39.3047 -2.13428
4413 6 -15.6856 -43.9672 -2.15185
4417 4 -0.601695 -26.4247 -2.30281
4417 5 -8.31086 -39.3047 -2.13428
4417 6 -15.6856 -43.9672 -2.15185
4421 5 -8.32183 -39.3011 -2.13579
4421 6 -15.7015 -43.9557 -2.15291
4425 4 -0.593205 -26.4327 -2.3043
4425 5 -8.32183 -39.3011 -2.13579
4425 6 -15.7015 -43.9557 -2.15291
4425 17 -18.9898 -45.2584 1.13155
4429 5 -8.33847 -39.3 -2.13733
4429 6 -15.7231 -43.9466 -2.15398
4433 5 -8.33847 -39.3 -2.13733
4433 6 -15.7231 -43.9466 -2.15398
4438 5 -8.33847 -39.3 -2.13733
4438 6 -15.7231 -43.9466 -2.15398
4442 5 -8.33847 -39.3 -2.13733
4442 6 -15.7231 -43.9466 -2.15398
4446 5 -8.33847 -39.3 -2.13733
4446 6 -15.7231 -43.9466 -2.15398
4450 5 -8.33847 -39.3 -2.13733
4450 6 -15.7231 -43.9466 -2.15398
4454 5 -8.33847 -39.3 -2.13733
4454 6 -15.7231 -43.9466 -2.15398
4458 5 -8.33847 -39.3 -2.13733
4458 6 -15.7231 -43.9466 -2.15398
4462 5 -8.33847 -39.3 -2.13733
4462 6 -15.7231 -43.9466 -2.15398
4466 5 -8.33847 -39.3 -2.13733
4470 5 -8.33847 -39.3 -2.13733
4474 5 -8.33847 -39.3 -2.13733
4479 5 -8.33847 -39.3 -2.13733
4484 5 -8.33847 -39.3 -2.13733
4489 5 -8.33847 -39.3 -2.13733
4494 5 -8.33847 -39.3 -2.13733
4499 5 -8.33847 -39.3 -2.13733
4504 5 -8.33847 -39.3 -2.13733
4509 5 -8.33847 -39.3 -2.13733
4514 5 -8.33847 -39.3 -2.13733
4519 5 -8.33847 -39.3 -2.13733
4524 5 -8.33847 -39.3 -2.13733
4529 3 3.68816 -18.5066 -2.05671
4529 5 -8.33847 -39.3 -2.13733
4534 3 3.68816 -18.5066 -2.05671
4534 5 -8.33847 -39.3 -2.13733
4539 3 3.68816 -18.5066 -2.05671
4539 5 -8.33847 -39.3 -2.13733
4544 3 3.68816 -18.5066 -2.05671
4544 5 -8.33847 -39.3 -2.13733
4550 3 3.68816 -18.5066 -2.05671
4550 5 -8.33847 -39.3 -2.13733
4556 5 -8.36253 -39.2982 -2.13898
4563 5 -8.36253 -39.2982 -2.13898
4570 5 -8.36253 -39.2982 -2.13898
4577 5 -8.36253 -39.2982 -2.13898
4584 5 -8.36253 -39.2982 -2.13898
4592 5 -8.36253 -39.2982 -2.13898
4601 5 -8.36253 -39.2982 -2.13898
4608 5 -8.36253 -39.2982 -2.13898
4614 5 -8.36253 -39.2982 -2.13898
4619 5 -8.36253 -39.2982 -2.13898
4624 5 -8.36253 -39.2982 -2.13898
4629 5 -8.36253 -39.2982 -2.13898
4633 5 -8.36253 -39.2982 -2.13898
4637 5 -8.36253 -39.2982 -2.13898
4641 3 3.70015 -18.5258 -2.05857
4641 4 -0.592849 -26.4548 -2.30771
4641 5 -8.36253 -39.2982 -2.13898
4646 4 -0.597317 -26.4679 -2.3093
4646 5 -8.38397 -39.3009 -2.14031
4651 4 -0.597317 -26.4679 -2.3093
4651 5 -8.38397 -39.3009 -2.14031
4656 4 -0.597317 -26.4679 -2.3093
4656 5 -8.38397 -39.3009 -2.14031
4661 4 -0.597317 -26.4679 -2.3093
4661 5 -8.38397 -39.3009 -2.14031
4666 4 -0.597317 -26.4679 -2.3093
4666 5 -8.38397 -39.3009 -2.14031
4670 4 -0.597317 -26.4679 -2.3093
4670 5 -8.38397 -39.3009 -2.14031
4674 5 -8.40202 -39.302 -2.14093
4678 5 -8.40202 -39.302 -2.14093
4682 5 -8.40202 -39.302 -2.14093
4686 5 -8.40202 -39.302 -2.14093
4691 5 -8.40202 -39.302 -2.14093
4696 5 -8.40202 -39.302 -2.14093
4701 5 -8.40202 -39.302 -2.14093
4707 5 -8.40202 -39.302 -2.14093
4732 2 6.28817 -13.0073 -1.93481
4737 2 6.28817 -13.0073 -1.93481
4742 2 6.28817 -13.0073 -1.93481
4747 2 6.28817 -13.0073 -1.93481
4753 2 6.28817 -13.0073 -1.93481
4758 2 6.28817 -13.0073 -1.93481
4763 2 6.28817 -13.0073 -1.93481
4769 2 6.28817 -13.0073 -1.93481
4774 2 6.28817 -13.0073 -1.93481
4780 2 6.28817 -13.0073 -1.93481
4785 2 6.28817 -13.0073 -1.93481
4790 2 6.28817 -13.0073 -1.93481
4796 2 6.28817 -13.0073 -1.93481
4802 2 6.28817 -13.0073 -1.93481
4808 2 6.28817 -13.0073 -1.93481
4814 2 6.28817 -13.0073 -1.93481
4820 2 6.28817 -13.0073 -1.93481
4826 2 6.28817 -13.0073 -1.93481
4832 2 6.28817 -13.0073 -1.93481
4838 2 6.28817 -13.0073 -1.93481
4844 2 6.28817 -13.0073 -1.93481
4854 2 6.28817 -13.0073 -1.93481
4874 2 6.28817 -13.0073 -1.93481
4887 2 6.28817 -13.0073 -1.93481
4895 2 6.28817 -13.0073 -1.93481
4936 3 3.70435 -18.5552 -2.06094
4936 4 -0.607443 -26.4739 -2.31009
4936 19 -13.2881 -32.5897 1.17541
5312 0 0.196071 -0.0941438 -0.00920494
5316 0 0.196071 -0.0941438 -0.00920494
5321 0 0.196071 -0.0941438 -0.00920494
5325 0 0.196071 -0.0941438 -0.00920494
5330 0 0.196071 -0.0941438 -0.00920494
5335 0 0.196071 -0.0941438 -0.00920494
5340 0 0.196071 -0.0941438 -0.00920494
5345 0 0.196071 -0.0941438 -0.00920494
5350 0 0.196071 -0.0941438 -0.00920494
5355 0 0.196071 -0.0941438 -0.00920494
5359 0 0.196071 -0.0941438 -0.00920494
5363 0 0.196071 -0.0941438 -0.00920494
5367 0 0.196071 -0.0941438 -0.00920494
5372 0 0.196071 -0.0941438 -0.00920494
5377 0 0.196071 -0.0941438 -0.00920494
5382 0 0.196071 -0.0941438 -0.00920494
5387 0 0.196071 -0.0941438 -0.00920494
5392 0 0.196071 -0.0941438 -0.00920494
5397 0 0.196071 -0.0941438 -0.00920494
5402 0 0.196071 -0.0941438 -0.00920494
5407 0 0.196071 -0.0941438 -0.00920494
5412 0 0.196071 -0.0941438 -0.00920494
5417 0 0.196071 -0.0941438 -0.00920494
5422 0 0.196071 -0.0941438 -0.00920494
5427 0 0.196071 -0.0941438 -0.00920494
5433 0 0.196071 -0.0941438 -0.00920494
5439 0 0.196071 -0.0941438 -0.00920494
5445 0 0.196071 -0.0941438 -0.00920494
5452 0 0.196071 -0.0941438 -0.00920494
5458 0 0.196071 -0.0941438 -0.00920494
5464 0 0.196071 -0.0941438 -0.00920494
5471 0 0.196071 -0.0941438 -0.00920494
5477 0 0.196071 -0.0941438 -0.00920494
5483 0 0.196071 -0.0941438 -0.00920494
5489 0 0.196071 -0.0941438 -0.00920494
5495 0 0.196071 -0.0941438 -0.00920494
5502 0 0.196071 -0.0941438 -0.00920494
5509 0 0.196071 -0.0941438 -0.00920494
5515 0 0.196071 -0.0941438 -0.00920494
5521 0 0.196071 -0.0941438 -0.00920494
5528 0 0.196071 -0.0941438 -0.00920494
5535 0 0.196071 -0.0941438 -0.00920494
5541 0 0.196071 -0.0941438 -0.00920494
5548 0 0.196071 -0.0941438 -0.00920494
5555 0 0.196071 -0.0941438 -0.00920494
5563 0 0.196071 -0.0941438 -0.00920494
5571 0 0.196071 -0.0941438 -0.00920494
5579 0 0.196071 -0.0941438 -0.00920494
5586 0 0.196071 -0.0941438 -0.00920494
5592 0 0.196071 -0.0941438 -0.00920494
5592 1 11.3796 -2.88734 -1.16968
5598 0 0.196071 -0.0941438 -0.00920494
5598 1 11.3796 -2.88734 -1.16968
5603 0 0.196071 -0.0941438 -0.00920494
5603 1 11.3796 -2.88734 -1.16968
5608 0 0.196071 -0.0941438 -0.00920494
5608 1 11.3796 -2.88734 -1.16968
5614 0 0.133202 -0.095066 -0.00729172
5614 1 11.3221 -2.86685 -1.16776
5621 0 0.093818 -0.101762 -0.00566276
5621 1 11.2872 -2.85531 -1.16613
5628 0 0.0542028 -0.107949 -0.00395889
5628 1 11.2523 -2.84242 -1.16442
5635 0 0.0542028 -0.107949 -0.00395889
5635 1 11.2523 -2.84242 -1.16442
5635 2 6.21392 -13.0043 -1.92964
5643 0 0.0542028 -0.107949 -0.00395889
5643 1 11.2523 -2.84242 -1.16442
5643 2 6.21392 -13.0043 -1.92964
5659 0 0.0542028 -0.107949 -0.00395889
5659 1 11.2523 -2.84242 -1.16442
5659 2 6.21392 -13.0043 -1.92964
5752 1 11.354 -2.89415 -1.16777
5752 2 6.28193 -13.0393 -1.93295
5760 1 11.354 -2.89415 -1.16777
5760 2 6.28193 -13.0393 -1.93295
5766 1 11.354 -2.89415 -1.16777
5766 2 6.28193 -13.0393 -1.93295
5771 1 11.354 -2.89415 -1.16777
5771 2 6.28193 -13.0393 -1.93295
5776 1 11.354 -2.89415 -1.16777
5776 2 6.28193 -13.0393 -1.93295
5781 1 11.354 -2.89415 -1.16777
5781 2 6.28193 -13.0393 -1.93295
5786 0 0.165079 -0.122211 -0.00730766
5786 1 11.354 -2.89415 -1.16777
5786 2 6.28193 -13.0393 -1.93295
5791 1 11.4114 -2.92172 -1.17033
5791 2 6.31388 -13.0541 -1.93546
5796 1 11.4114 -2.92172 -1.17033
5796 2 6.31388 -13.0541 -1.93546
5801 1 11.4114 -2.92172 -1.17033
5801 2 6.31388 -13.0541 -1.93546
5806 2 6.29324 -13.0406 -1.93509
5811 2 6.29324 -13.0406 -1.93509
5816 2 6.29324 -13.0406 -1.93509
5822 2 6.29324 -13.0406 -1.93509
5828 2 6.29324 -13.0406 -1.93509
5833 2 6.29324 -13.0406 -1.93509
5839 2 6.29324 -13.0406 -1.93509
5845 2 6.29324 -13.0406 -1.93509
5851 2 6.29324 -13.0406 -1.93509
5857 2 6.29324 -13.0406 -1.93509
5862 2 6.29324 -13.0406 -1.93509
5867 2 6.29324 -13.0406 -1.93509
5872 2 6.29324 -13.0406 -1.93509
5877 2 6.29324 -13.0406 -1.93509
5882 2 6.29324 -13.0406 -1.93509
5887 2 6.29324 -13.0406 -1.93509
5892 2 6.29324 -13.0406 -1.93509
5897 2 6.29324 -13.0406 -1.93509
5902 2 6.29324 -13.0406 -1.93509
5907 2 6.29324 -13.0406 -1.93509
5912 2 6.29324 -13.0406 -1.93509
5917 2 6.29324 -13.0406 -1.93509
5921 2 6.29324 -13.0406 -1.93509
5925 2 6.29324 -13.0406 -1.93509
5929 2 6.29324 -13.0406 -1.93509
5934 0 0.204282 -0.109789 -0.00949379
5934 1 11.387 -2.90627 -1.16997
5934 2 6.29324 -13.0406 -1.93509
5939 2 6.30637 -13.0477 -1.93539
5944 2 6.30637 -13.0477 -1.93539
5948 2 6.30637 -13.0477 -1.93539
5952 2 6.30637 -13.0477 -1.93539
5957 2 6.30637 -13.0477 -1.93539
5961 2 6.30637 -13.0477 -1.93539
5965 2 6.30637 -13.0477 -1.93539
5969 2 6.30637 -13.0477 -1.93539
5972 2 6.30637 -13.0477 -1.93539
5976 2 6.30637 -13.0477 -1.93539
5980 2 6.30637 -13.0477 -1.93539
5984 2 6.30637 -13.0477 -1.93539
5988 2 6.30637 -13.0477 -1.93539
5995 2 6.30637 -13.0477 -1.93539
6004 2 6.30637 -13.0477 -1.93539
6011 2 6.30637 -13.0477 -1.93539
6017 2 6.30637 -13.0477 -1.93539
6024 2 6.30637 -13.0477 -1.93539
6030 2 6.30637 -13.0477 -1.93539
6037 2 6.30637 -13.0477 -1.93539
6043 2 6.30637 -13.0477 -1.93539
6048 2 6.30637 -13.0477 -1.93539
6053 2 6.30637 -13.0477 -1.93539
6058 2 6.30637 -13.0477 -1.93539
6062 2 6.30637 -13.0477 -1.93539
6067 2 6.30637 -13.0477 -1.93539
6072 2 6.30637 -13.0477 -1.93539
6076 2 6.30637 -13.0477 -1.93539
6081 2 6.30637 -13.0477 -1.93539
6086 2 6.30637 -13.0477 -1.93539
6090 2 6.30637 -13.0477 -1.93539
6095 2 6.30637 -13.0477 -1.93539
6095 23 -9.82043 -4.72113 1.18913
6100 2 6.3066 -13.0473 -1.93528
6105 2 6.3066 -13.0473 -1.93528
6109 2 6.3066 -13.0473 -1.93528
6114 2 6.3066 -13.0473 -1.93528
6118 2 6.3066 -13.0473 -1.93528
6123 2 6.3066 -13.0473 -1.93528
6128 0 0.21918 -0.119489 -0.00931652
6128 1 11.4023 -2.91397 -1.16979
6128 2 6.3066 -13.0473 -1.93528
6128 23 -9.826 -4.72408 1.18968
6128 24 1.23799 -0.787058 -0.395762
6132 0 0.198132 -0.117905 -0.00849926
6132 1 11.3835 -2.90329 -1.16898
6132 2 6.29471 -13.0401 -1.93459
6137 0 0.198358 -0.118853 -0.00845357
6137 1 11.3838 -2.90373 -1.16894
6137 2 6.29479 -13.0404 -1.93462
6141 0 0.192825 -0.121639 -0.00798896
6141 1 11.3795 -2.90135 -1.16848
6141 2 6.29398 -13.0398 -1.93428
6146 0 0.183266 -0.122989 -0.00748583
6146 1 11.3713 -2.89707 -1.16798
6146 2 6.28995 -13.0376 -1.93387
6151 0 0.183266 -0.122989 -0.00748583
6151 1 11.3713 -2.89707 -1.16798
6151 2 6.28995 -13.0376 -1.93387
6156 0 0.183266 -0.122989 -0.00748583
6156 1 11.3713 -2.89707 -1.16798
6156 2 6.28995 -13.0376 -1.93387
6161 0 0.183266 -0.122989 -0.00748583
6161 1 11.3713 -2.89707 -1.16798
6161 2 6.28995 -13.0376 -1.93387
6167 0 0.183266 -0.122989 -0.00748583
6167 1 11.3713 -2.89707 -1.16798
6167 2 6.28995 -13.0376 -1.93387
6175 0 0.183266 -0.122989 -0.00748583
6175 1 11.3713 -2.89707 -1.16798
6175 2 6.28995 -13.0376 -1.93387
6277 0 0.183266 -0.122989 -0.00748583
6277 1 11.3713 -2.89707 -1.16798
6277 2 6.28995 -13.0376 -1.93387
