243 632 5.66504 -20.4022 -21.8445 -1.38741 0.0459741 -0.0698656 -0.905668 0.415657 
249 611 4.75103 6.32131 -29.036 -0.714738 0.0397043 -0.060168 -0.771542 0.632081 
249 617 7.16148 0.672657 -27.031 -0.760336 0.0454314 -0.0544 -0.822168 0.564816 
249 623 6.78668 -5.14308 -24.5517 -0.63276 0.0377553 -0.0406304 -0.773534 0.631323 
255 604 7.17352 13.9127 -26.2887 -0.410666 0.044743 -0.150262 -0.863101 0.480079 
255 610 4.63548 9.20906 -22.629 -0.655707 0.0263425 -0.0617508 -0.806113 0.587941 
255 616 7.44178 3.44163 -21.0779 -0.542219 0.04447 -0.0817331 -0.800664 0.591844 
255 622 7.08595 -2.405 -18.7559 -0.336597 0.0390835 -0.0583844 -0.800837 0.594746 
255 628 5.7676 -7.40489 -17.3809 -0.162368 0.0102115 -0.0337772 -0.869464 0.492735 
261 590 6.4315 24.1208 -17.3357 0.148274 0.0419831 -0.0493538 -0.681136 0.729284 
261 602 6.26548 18.1403 -17.3345 0.0905711 0.0303419 -0.0645676 -0.732889 0.676597 
261 608 6.91526 14.5619 -15.1204 0.0812373 0.00419529 -0.0185361 -0.841941 0.539235 
261 614 7.46341 8.53754 -14.0439 -0.0820594 0.0310039 -0.0484953 -0.758584 0.649028 
261 620 6.46775 2.59058 -12.8489 -0.111994 0.0205512 -0.023521 -0.785802 0.61769 
261 632 5.65465 -6.85445 -10.8338 -0.310432 0.0813801 -0.0775794 -0.733455 0.670374 
267 578 7.2169 13.0432 -26.6901 2.10778 0.0662133 0.0497215 -0.96684 -0.241587 
267 584 6.10634 13.2142 -24.7115 1.74809 0.0061477 -0.0166966 -0.994172 0.106325 
267 590 7.46169 10.9016 -22.1269 1.43235 0.0240148 -0.0831037 -0.874957 0.47641 
267 602 6.81658 6.12619 -18.5471 1.2138 0.0127582 -0.0930343 -0.907519 0.40938 
267 608 7.20699 4.61229 -14.6186 1.06412 0.00839999 -0.0396559 -0.968595 0.245318 
267 614 7.67386 0.44971 -10.1597 0.562135 0.0218969 -0.0804183 -0.923239 0.375077 
267 620 6.55813 -3.57258 -5.66874 0.208228 0.0210099 -0.0531138 -0.939336 0.338209 
267 632 5.71237 -9.92854 1.55243 -0.431797 0.058968 -0.122696 -0.904268 0.404681 
273 568 7.56983 -10.0773 -27.8523 0.773969 0.000310339 -0.0312574 -0.938353 -0.344262 
273 574 6.78326 -5.22319 -24.6626 0.426346 0.00479274 0.0096048 -0.813741 -0.581129 
273 580 6.0662 -1.82948 -23.274 0.183401 0.00948021 0.00937883 -0.929936 -0.36748 
273 586 6.46853 -0.863036 -21.0898 -0.126148 -0.00923977 -0.0541507 -0.995823 -0.0729317 
273 592 5.83455 -1.98952 -17.1264 -0.0508154 -0.0123209 -0.0511428 -0.987673 0.147429 
273 598 6.86395 -2.59232 -14.7179 0.0979425 -0.0259927 0.0120355 -0.974042 0.224547 
273 604 7.48903 -3.43259 -12.3776 0.114009 -0.0410348 -0.146287 -0.98797 -0.0288259 
273 616 7.61784 -3.83581 -0.720169 0.217062 -0.0026458 -0.084029 -0.991483 0.0994694 
273 622 7.07755 -4.57017 5.53902 0.471821 0.00140925 -0.061912 -0.993033 0.100256 
273 628 5.54454 -5.74028 10.5787 0.675034 -0.0112915 -0.0320078 -0.999166 -0.022715 
279 563 7.18593 -16.0265 -24.339 1.46947 0.00452027 -0.0421028 -0.912635 -0.406577 
279 569 8.02258 -11.4552 -19.8674 1.16685 -0.0115247 -0.0205773 -0.922964 -0.384162 
279 575 6.92075 -5.95659 -17.3944 0.685072 -0.0144456 -0.0138918 -0.802517 -0.596293 
279 581 7.76415 -3.38744 -16.394 0.309787 -0.00894832 0.0157899 -0.946841 -0.321189 
279 587 6.93716 -2.41431 -14.1197 0.0626996 -0.0260885 -0.0972368 -0.994557 -0.0268468 
279 599 7.80346 -3.79852 -7.83621 0.3925 -0.015936 -0.0585559 -0.970417 0.233684 
279 605 7.23183 -4.22617 -5.21499 0.457898 -0.0560501 -0.108422 -0.980161 -0.156168 
279 611 5.11477 -3.15576 1.07023 0.363264 -0.0131738 -0.0660552 -0.987971 0.139202 
279 617 7.58535 -3.99234 6.92098 0.415475 -0.0121656 -0.0657672 -0.996308 0.0538319 
279 623 7.02577 -4.41517 13.28 0.637803 -0.00749994 -0.0481372 -0.989463 0.136344 
285 558 7.52843 -14.6286 -25.0688 0.579496 0.0569981 -0.0111199 -0.954614 -0.29213 
285 564 6.85572 -10.6973 -19.7219 0.511772 0.0660693 -0.0191418 -0.952712 -0.295988 
285 570 7.82741 -7.11082 -14.4968 0.627299 0.0510731 -0.000993478 -0.945221 -0.32241 
285 576 7.80228 -2.0574 -11.3368 0.791117 0.0782815 0.0829544 -0.860902 -0.49582 
285 588 5.72855 -0.141805 -7.25857 0.348274 0.0336124 -0.0725603 -0.983521 0.162145 
285 594 7.13572 -1.69791 -4.25582 0.206277 0.022059 -0.0443484 -0.99795 0.0405277 
285 600 5.75866 -3.34134 -1.0684 0.241503 0.0361045 -0.0788591 -0.956381 0.278951 
285 606 7.32646 -3.5129 1.63821 0.11777 0.021068 -0.0705565 -0.994209 -0.0782698 
285 612 7.03722 -4.49623 7.8192 -0.0588546 0.033081 -0.0663191 -0.972433 0.221092 
285 618 7.07076 -6.40094 13.5934 -0.338975 0.0374141 -0.0574628 -0.987201 0.143989 
285 624 4.87579 -8.29759 19.6579 -0.237138 0.047869 -0.0663124 -0.965974 0.245367 
285 630 5.05597 -9.13896 23.999 -0.586902 0.0599146 -0.0915717 -0.992823 0.0482345 
291 552 6.39648 -17.0446 -24.2728 0.872498 0.0307485 -0.0446 -0.937841 -0.342811 
291 558 7.93751 -13.7938 -19.3797 0.958395 0.0323149 -0.0146693 -0.963108 -0.266764 
291 564 7.47828 -10.0958 -13.7268 0.648416 0.0377607 -0.022264 -0.961366 -0.27176 
291 570 8.27065 -6.82553 -8.39439 0.607903 0.0249177 -0.0076187 -0.954331 -0.297612 
291 576 8.11217 -1.94923 -4.93519 0.446333 0.0510626 0.0788983 -0.875375 -0.474221 
291 582 4.6799 -0.09025 -3.06299 0.184415 0.0104355 0.00364276 -0.994975 -0.0995144 
291 588 6.09396 -0.265054 -0.789682 0.0217792 0.011348 -0.0603816 -0.980046 0.189037 
291 594 7.50503 -1.99772 2.15762 0.0345496 -0.00342247 -0.0359396 -0.997055 0.0676618 
291 600 5.91611 -3.77999 5.2598 0.304008 0.0146105 -0.0649025 -0.949608 0.306298 
291 606 7.53329 -4.11444 7.93365 0.185324 -0.00307247 -0.0666786 -0.996491 -0.0505008 
291 612 7.1439 -5.39913 14.0322 0.0932378 0.0115737 -0.0556606 -0.967264 0.247322 
291 618 7.07134 -7.57775 19.6556 -0.054764 0.0157412 -0.0498591 -0.983988 0.170391 
291 624 4.87502 -9.8461 25.6376 0.181618 0.027921 -0.0550842 -0.959991 0.273136 
297 548 8.03512 0.367398 -29.4521 3.00056 0.0254734 -0.0577239 -0.994645 -0.0818596 
297 554 8.07556 0.358557 -23.5219 2.67837 0.0212334 0.000801551 -0.996491 0.0809615 
297 560 8.26085 -0.619536 -17.3131 2.07823 0.0348515 -0.046149 -0.995129 0.0798339 
297 566 6.97727 -1.45719 -10.8691 1.4842 0.0359294 -0.0537575 -0.995378 0.0710067 
297 572 6.84118 -1.90112 -4.79281 0.785755 0.0315906 -0.0360227 -0.994328 -0.0949507 
297 578 7.25712 -0.311128 0.17295 0.413044 0.0412012 0.0393091 -0.994217 -0.0910485 
297 584 5.67691 -0.785161 2.07717 -0.0328956 -0.0167056 -0.0277656 -0.965598 0.258014 
297 590 7.14584 -3.72838 3.85402 -0.208254 0.0141048 -0.0793159 -0.790598 0.607013 
297 602 6.48156 -9.38003 5.79838 -0.4436 0.00150447 -0.0942212 -0.832551 0.545874 
297 608 7.02157 -12.0475 9.06773 -0.628424 -0.0107507 -0.0484043 -0.918576 0.392122 
297 614 7.59108 -17.385 12.0314 -0.969536 0.00668623 -0.0804191 -0.853529 0.514758 
297 620 6.38213 -22.6445 15.1105 -1.16449 0.000224741 -0.0519004 -0.876176 0.479189 
303 545 7.82253 6.26933 -28.0979 3.50521 0.0285557 -0.056197 -0.989295 -0.13161 
303 551 8.19692 6.33966 -21.9954 2.94837 0.0149323 -0.046443 -0.98998 0.132511 
303 557 8.66524 4.60769 -16.3471 2.21314 0.0246498 -0.0736182 -0.986907 0.141376 
303 563 7.77269 2.61425 -10.078 1.39681 0.0382105 -0.0640856 -0.983561 0.164443 
303 569 8.10653 0.349916 -4.06071 0.668591 0.0148455 -0.054464 -0.98071 0.18714 
303 575 6.9715 0.261699 1.95545 -0.178203 0.0169486 -0.0472796 -0.997156 -0.0561908 
303 581 7.81465 0.361995 4.6887 -0.677458 -0.00596393 -0.0224549 -0.967268 0.252691 
303 587 6.87717 -1.34045 6.4662 -1.08919 0.0320852 -0.127613 -0.84145 0.524067 
303 599 7.76347 -7.64267 7.68443 -1.04231 0.010745 -0.0873551 -0.67954 0.72834 
303 605 7.12262 -10.2297 8.30649 -1.10963 0.0181151 -0.15424 -0.90004 0.407197 
303 611 4.99805 -15.5592 11.7327 -1.5576 0.021491 -0.0990953 -0.74521 0.659076 
303 617 7.41867 -21.2525 13.2586 -1.86426 0.0224257 -0.0965038 -0.799171 0.592883 
309 538 7.59474 -8.58693 -28.2838 1.99528 0.0176733 -0.0391607 -0.946442 -0.320001 
309 544 8.19435 -5.03722 -23.1279 1.65952 0.00333404 -0.0349117 -0.945078 -0.324958 
309 550 8.16696 -1.86315 -17.6757 1.28675 0.0149093 -0.0304514 -0.995243 -0.0913354 
309 556 8.49627 -1.1158 -11.7104 0.885787 -0.00956733 -0.0839628 -0.995771 -0.0360271 
309 562 7.79832 -0.41709 -5.28673 0.464283 0.0178501 -0.0488699 -0.997144 -0.0547495 
309 568 7.76823 0.151901 1.27266 0.210805 0.0063563 -0.0491007 -0.998645 -0.0160175 
309 574 7.19353 1.95908 6.80511 -0.377479 0.00131597 -0.00615212 -0.959842 -0.28047 
309 580 6.2982 3.7481 9.97659 -0.742601 0.00275575 -0.00665474 -0.99917 -0.0400939 
309 586 6.55925 3.13032 12.2995 -1.17342 -0.00103048 -0.0698298 -0.963125 0.259834 
309 592 5.86957 -0.192336 14.6747 -1.13164 -0.00693128 -0.0663976 -0.882799 0.464983 
309 598 6.93134 -2.17742 16.2201 -1.00156 -0.0412717 -0.00962897 -0.845185 0.53279 
309 604 7.41192 -4.29609 17.5213 -1.0343 -0.000962168 -0.166813 -0.93943 0.299405 
309 616 7.41399 -11.8729 26.3817 -1.23454 0.00880001 -0.0968501 -0.901519 0.421671 
315 533 8.09676 -7.72637 -27.9761 3.03244 0.00857297 -0.048267 -0.964976 -0.257717 
315 539 7.39688 -4.59619 -22.5987 2.25289 0.0179835 -0.0645838 -0.969019 -0.237715 
315 545 8.20882 -1.63305 -16.7921 1.73687 0.00634624 -0.0560925 -0.96136 -0.269444 
315 551 8.25399 0.13839 -10.9025 1.20715 -0.00370265 -0.0390565 -0.999202 -0.00744581 
315 557 8.68762 0.0439559 -4.96735 0.592203 0.00394285 -0.0672806 -0.997724 0.00208449 
315 563 7.7498 -0.146335 1.61022 -0.101738 0.0178818 -0.0587927 -0.997798 0.0249363 
315 569 7.96539 -0.702033 7.94327 -0.698596 -0.00437007 -0.0461171 -0.99762 0.0510654 
315 575 6.86483 0.911837 13.8471 -1.46514 -0.00207832 -0.0423053 -0.979786 -0.195515 
315 581 7.66617 1.75455 16.4467 -1.94767 -0.0188674 -0.0117035 -0.993167 0.114568 
315 587 6.76209 0.603021 18.6334 -2.29845 0.00685699 -0.117767 -0.908064 0.401875 
315 599 7.62751 -5.12654 21.5671 -2.06522 -0.00432741 -0.0748147 -0.775576 0.62679 
315 605 6.98222 -7.41691 22.8837 -2.03528 -0.0114685 -0.143651 -0.94958 0.278442 
315 611 4.66066 -11.6037 27.6517 -2.25041 0.00179648 -0.0911453 -0.831086 0.548621 
321 528 8.80777 -13.2461 -25.3733 1.90682 0.00927629 -0.0636636 -0.940243 -0.334371 
321 534 9.37799 -9.3091 -20.3344 1.65121 0.00569809 -0.0475288 -0.961936 -0.269048 
321 540 7.95746 -5.691 -15.0259 1.21501 0.0201065 -0.0548799 -0.95922 -0.276551 
321 546 8.06519 -2.18957 -9.63996 0.912225 0.0118883 -0.0627103 -0.957057 -0.282787 
321 552 7.4497 -0.442123 -3.72419 0.367785 0.0210155 -0.0702211 -0.993903 -0.0823689 
321 558 8.45147 -0.0504351 2.28382 0.0446382 0.0145765 -0.0391048 -0.999127 -0.00199893 
321 564 6.93914 0.251806 8.949 -0.63059 0.0260671 -0.0400654 -0.998833 -0.0069721 
321 570 7.82284 0.338999 15.2708 -1.02609 0.00761754 -0.0295089 -0.998934 -0.0346701 
321 576 7.61266 2.79995 20.6899 -1.49547 0.0198334 0.0537158 -0.971953 -0.228097 
321 588 5.3488 2.1034 25.0852 -2.22223 -0.00172996 -0.0770588 -0.893279 0.442844 
321 594 6.90723 -0.857554 26.7282 -2.26471 -0.0195117 -0.0572338 -0.942513 0.328652 
321 600 5.30132 -3.98462 28.508 -2.0867 0.00164968 -0.074852 -0.833071 0.548076 
327 522 8.32415 -7.44943 -28.2328 2.04654 0.00865198 -0.0590499 -0.989798 -0.129375 
327 528 7.85136 -5.46295 -21.8464 1.65616 0.0045787 -0.062881 -0.981655 -0.179938 
327 534 8.36126 -3.30214 -15.8374 1.47114 0.000931433 -0.0427181 -0.992745 -0.112387 
327 540 7.79128 -1.57253 -9.72547 0.813898 0.0129954 -0.054138 -0.991277 -0.11946 
327 546 7.98602 0.0245691 -3.50699 0.365028 0.00316556 -0.0589882 -0.990201 -0.12654 
327 552 7.30364 -0.145499 2.76224 -0.0879699 0.015638 -0.0621685 -0.994944 0.0773117 
327 558 8.38302 -1.69704 8.4643 -0.355087 0.00324506 -0.0308409 -0.987149 0.156764 
327 564 7.31129 -3.51394 14.9648 -0.996598 0.0132247 -0.0352174 -0.987814 0.151024 
327 570 8.14032 -5.42533 20.8991 -1.34234 -0.0053218 -0.0264398 -0.991831 0.124677 
327 576 7.78431 -4.83435 26.8184 -1.93816 -0.0109338 0.0571443 -0.995684 -0.0723106 
333 516 7.80356 3.32251 -29.1426 3.09144 -0.00240207 -0.0648919 -0.9967 0.0487172 
333 522 8.75972 2.47936 -22.9918 2.51268 0.00957145 -0.0817351 -0.994193 0.0693411 
333 528 8.94097 1.81245 -16.3463 1.80718 0.0052115 -0.0833055 -0.996348 0.0179784 
333 534 9.54208 1.46902 -9.97645 1.19229 -0.00476857 -0.0676637 -0.993968 0.0861769 
333 540 7.99526 0.688384 -3.62274 0.471688 0.0106599 -0.0691975 -0.994433 0.0787441 
333 546 8.06558 -0.22355 2.71449 -0.141345 0.00585794 -0.0789314 -0.99425 0.0721248 
333 552 7.45969 -2.8164 8.29292 -0.851222 0.0129622 -0.076744 -0.958815 0.27316 
333 558 8.4497 -6.48036 13.0763 -1.23763 -0.00598673 -0.0473969 -0.935892 0.349032 
333 564 6.69788 -10.6457 18.2666 -1.96894 0.00525519 -0.0447655 -0.937807 0.344218 
333 570 7.71684 -14.755 23.083 -2.40189 -0.015879 -0.0410632 -0.947223 0.317538 
339 510 7.60687 0.019416 -29.6007 2.05324 0.00969532 -0.0488661 -0.996939 -0.0602635 
339 516 7.32557 0.505479 -23.2461 1.81749 0.00625695 -0.0472822 -0.998862 0.000274343 
339 522 8.45891 0.260759 -16.8721 1.41658 0.0173993 -0.0619692 -0.997726 0.0199887 
339 528 7.90293 0.28335 -10.1374 0.971164 0.0150829 -0.0669856 -0.997163 -0.0308326 
339 534 8.43272 0.561857 -3.79856 0.708215 0.00743934 -0.0481256 -0.9981 0.0377454 
339 540 7.75983 0.419562 2.593 -0.0106552 0.0224076 -0.0565953 -0.997677 0.030579 
339 546 7.78335 0.10018 8.99501 -0.514578 0.0133493 -0.0631429 -0.997646 0.02317 
339 552 7.11974 -1.92066 14.9082 -1.04353 0.024936 -0.0645097 -0.971773 0.225551 
339 558 8.22737 -5.09468 19.9249 -1.35184 0.00751406 -0.0350088 -0.952332 0.302955 
339 564 6.99469 -8.75699 25.5812 -2.08167 0.016852 -0.0401645 -0.954278 0.29573 
345 504 7.35695 2.26796 -29.025 1.41747 0.0194059 -0.0371413 -0.998325 0.0399 
345 510 7.66302 1.97024 -22.9433 1.04743 0.0178585 -0.0388135 -0.998847 -0.021895 
345 516 7.90666 1.95365 -16.4574 0.838409 0.0133387 -0.0366526 -0.998487 0.038756 
345 522 8.84664 1.22647 -10.219 0.557376 0.0263668 -0.0519939 -0.996613 0.0579991 
345 528 8.92996 0.703799 -3.56703 0.24869 0.0193301 -0.0545912 -0.998294 0.00742442 
345 534 9.5803 0.488705 2.8592 -0.00299835 0.0113972 -0.0400069 -0.996226 0.0761814 
345 540 7.9309 -0.158844 9.24647 -0.367692 0.0264639 -0.0412178 -0.996486 0.0679483 
345 546 7.89938 -0.935214 15.627 -0.634454 0.0211955 -0.0500204 -0.996634 0.0613983 
345 552 7.17341 -3.39135 21.2794 -1.08536 0.034673 -0.0529416 -0.962886 0.262383 
345 558 8.25914 -6.9458 26.1373 -1.27066 0.0180087 -0.0248187 -0.940192 0.339262 
351 498 7.38497 -1.79799 -28.9954 1.25517 0.0218398 -0.0311746 -0.999136 -0.0166755 
351 504 7.7994 -1.13669 -22.6703 1.11433 0.0172121 -0.0357239 -0.998973 -0.0219227 
351 510 7.93153 -0.699269 -16.5505 0.769627 0.0138433 -0.0368367 -0.995683 -0.0840642 
351 516 7.44561 0.102319 -10.212 0.685087 0.012302 -0.0337899 -0.999087 -0.0230744 
351 522 8.5105 0.15114 -3.75781 0.447237 0.0245417 -0.048445 -0.998514 -0.00443462 
351 528 7.86759 0.493885 2.94695 0.199106 0.0201026 -0.0529493 -0.996911 -0.0544114 
351 534 8.43793 1.06692 9.27979 0.100146 0.0138299 -0.0354319 -0.999173 0.0143887 
351 540 7.46106 1.22781 15.6746 -0.430428 0.0280515 -0.0415008 -0.998722 0.00665911 
351 546 7.17455 1.2116 22.091 -0.719022 0.0179811 -0.0458254 -0.998787 -0.000868888 
351 552 5.98286 -0.513466 28.0763 -1.08401 0.0350703 -0.0494637 -0.977511 0.20198 
357 492 6.97377 -0.949976 -29.3244 1.42876 0.0236878 -0.0494267 -0.996838 0.0575287 
357 498 8.1282 -0.852141 -22.764 1.05808 0.029651 -0.0346217 -0.998926 -0.00826894 
357 504 7.52042 -0.335234 -16.3152 0.938175 0.0209381 -0.0382623 -0.998965 -0.0129203 
357 510 7.84078 0.0114545 -10.2244 0.585084 0.0194829 -0.0405495 -0.996196 -0.0746366 
357 516 7.99519 0.68194 -3.77674 0.364877 0.0153347 -0.0380289 -0.999061 -0.0139579 
357 522 8.87231 0.603785 2.52339 0.070824 0.0271724 -0.0545394 -0.998131 0.00470908 
357 528 8.87063 0.799871 9.23801 -0.256491 0.0199931 -0.0556134 -0.997222 -0.0453413 
357 534 9.5704 1.26397 15.6238 -0.508166 0.0131911 -0.041796 -0.998762 0.0235129 
357 540 7.44424 1.27801 22.0478 -0.770167 0.0256304 -0.0373259 -0.998868 0.0145632 
357 546 6.83438 1.19977 28.4871 -0.909121 0.0215234 -0.0442556 -0.998756 0.00810035 
363 486 7.56364 -1.05763 -29.1438 1.24688 0.00472639 -0.0467456 -0.998843 -0.0102147 
363 492 6.5829 -0.841194 -22.8036 1.01876 0.0119598 -0.0440367 -0.997396 0.0558404 
363 498 7.77535 -0.746188 -16.1953 0.739753 0.014699 -0.029671 -0.999402 -0.00992472 
363 504 7.83602 -0.178974 -9.81608 0.618155 0.00908743 -0.0326215 -0.999319 -0.0146797 
363 510 7.97161 0.166039 -3.6878 0.309001 0.00555976 -0.0340236 -0.996447 -0.0768397 
363 516 7.43951 0.880452 2.66737 0.260649 0.00443917 -0.0302489 -0.999408 -0.0157856 
363 522 8.43334 0.825266 9.10213 0.0562453 0.016636 -0.0422735 -0.998964 0.00258735 
363 528 7.69677 1.08669 15.8294 -0.0809022 0.0133982 -0.0466507 -0.997709 -0.0471268 
363 534 8.36947 1.55989 22.1777 -0.181009 0.0058371 -0.0308661 -0.999272 0.0216584 
363 540 6.5195 1.61172 28.5513 -0.391537 0.0164311 -0.0356512 -0.999139 0.0134288 
369 480 8.08149 -1.01307 -29.2567 1.72882 0.0263204 -0.012384 -0.999558 -0.00609566 
369 486 8.31194 -0.686332 -22.8216 1.37081 0.00888826 -0.0535916 -0.998467 -0.0106249 
369 492 7.08013 -0.475056 -16.4771 1.03437 0.0146151 -0.0513117 -0.997026 0.0556101 
369 498 8.20863 -0.349742 -9.90533 0.627832 0.0208368 -0.0373105 -0.999033 -0.0103206 
369 504 7.52375 0.185363 -3.46408 0.48571 0.0107571 -0.0411801 -0.998983 -0.0148979 
369 510 7.77567 0.56107 2.6479 0.0828145 0.0100407 -0.043266 -0.996078 -0.076521 
369 516 7.74381 1.25616 9.06735 -0.162558 0.00595933 -0.0398592 -0.999061 -0.0159129 
369 522 8.55282 1.22095 15.4197 -0.507848 0.0198954 -0.0541452 -0.998331 0.00283273 
369 528 8.15795 1.43047 22.0102 -0.819512 0.0120932 -0.0571734 -0.997178 -0.0471279 
369 534 8.77469 1.92663 28.5138 -1.00486 0.00513518 -0.0401796 -0.998949 0.0214321 
375 475 8.11177 0.0258958 -28.1757 0.951103 0.0136449 -0.0348176 -0.999295 0.00335135 
375 481 8.27975 -0.0713073 -21.9622 0.710315 0.00755379 -0.0454906 -0.998927 -0.00421177 
375 487 7.91763 0.0918085 -15.3721 0.593961 -0.000127513 -0.00363991 -0.99845 -0.0555279 
375 493 6.79167 -0.132834 -9.03664 0.456168 0.000662955 -0.0246961 -0.997995 0.0582789 
375 499 7.38399 0.0385798 -2.47004 0.267324 0.0101234 -0.0206883 -0.99935 -0.0277362 
375 505 7.38363 0.289216 4.02268 0.265011 0.00279699 -0.0228724 -0.999631 0.0143931 
375 511 7.99665 0.562482 10.0679 0.163111 0.00524072 -0.0274903 -0.997026 -0.071811 
375 517 7.48704 0.88905 16.3361 0.11361 0.00689577 -0.036527 -0.998877 0.0293803 
375 523 7.97263 0.688982 22.9578 -0.00228925 -0.0050362 -0.0319394 -0.999038 0.0296077 
375 529 7.17276 0.847613 29.6096 0.0178399 0.00709841 -0.0298402 -0.998997 -0.0326201 
381 481 8.41913 -0.340063 -15.4448 0.718577 0.0107888 -0.0515936 -0.998552 -0.0107516 
381 487 8.4505 -0.0828976 -8.82472 0.461756 0.00572123 -0.00754398 -0.998035 -0.0619434 
381 493 7.35103 -0.23144 -2.4669 0.236347 0.00558195 -0.0293391 -0.99821 0.0518149 
381 499 7.86594 0.0807341 4.09104 -0.0100397 0.0200596 -0.0240873 -0.998917 -0.0343887 
381 505 6.98323 0.368827 10.6121 -0.0026862 0.00884031 -0.0264687 -0.999578 0.00803698 
381 511 7.69868 0.711529 16.6243 -0.139824 0.0102085 -0.0322635 -0.996378 -0.0780115 
381 517 7.25054 1.11977 22.8872 -0.23735 0.0122109 -0.0405937 -0.998834 0.0230993 
381 523 7.6775 1.01066 29.5509 -0.554434 0.00129995 -0.0371266 -0.999045 0.0229829 
387 487 7.98256 0.17724 -2.40591 0.321921 0.00825818 -0.0106652 -0.998893 -0.0450663 
387 493 6.80838 -0.18063 3.92738 0.0797374 0.00775639 -0.0331294 -0.997059 0.06867 
387 499 7.3539 -0.142343 10.4839 -0.211091 0.0176815 -0.0278929 -0.999304 -0.0173697 
387 505 7.2174 -0.0323113 16.992 -0.294527 0.0102829 -0.0299039 -0.99919 0.0248749 
387 511 7.67949 0.118732 23.0087 -0.49244 0.0138643 -0.0322365 -0.997503 -0.0612927 
387 517 7.13066 0.31871 29.259 -0.518719 0.016252 -0.0416518 -0.998207 0.0397894 
393 493 4.72922 -0.0543258 10.541 0.393509 -0.0175667 -0.00199572 -0.999696 0.0171791 
393 499 7.80908 0.453851 17.0703 0.524966 0.023773 0.00583433 -0.999037 -0.0364071 
393 505 6.81552 0.756716 23.6002 0.940485 0.0137698 0.00530055 -0.999871 0.00631897 
393 511 7.44366 1.12016 29.5887 1.20304 0.0133848 0.00149202 -0.996725 -0.0797425 
399 499 7.1362 -1.10508 23.6429 -1.13042 0.000662573 -0.0346176 -0.999397 -0.00244593 
